Kinase Uniprot ID	Kinase Name	Mean Specificity Score	Mean Significance Score	Mean Final Score	Median Final score	Mean Kinase Statistic	Median Kinase Statistic	SD Kinase Statitistic	Mean peptide set size
P06239	Lck	2.4306628374094	1	3.4306628374094	3.52287874528034	3.30835745284255	3.32909770427845	0.144515702845762	29.1111111111111
P06241	Fyn	1.79616183373258	1	2.79616183373258	2.88605664769316	3.48952934695083	3.56920213865542	0.208205904847067	15.4444444444444
P12931	Src	1.25806673736725	1	2.25806673736725	2.48148606012211	2.89952919525959	2.98578124586751	0.167423594643907	40.1111111111111
P00519	Abl	1.33701744597505	1	2.33701744597505	2.27572413039921	2.95532904531296	2.92832288290776	0.165052945503561	46.3333333333333
P07947	Yes	1.23469949368519	1	2.23469949368519	2.2518119729938	3.12055656583636	3.06344040989785	0.250719302325506	24.8888888888889
P51451	BLK	1.26616725046132	1	2.26616725046132	2.24412514432751	3.06564996414965	3.09640642623965	0.205127184201872	22
P07948	Lyn	1.45108353366869	1	2.45108353366869	2.21467016498923	3.19603539955313	3.183337698253	0.0689706780620008	19.7777777777778
P43405	Syk	0.972867764092909	1	1.97286776409291	1.93930215964639	2.77221875057932	2.7737754691892	0.0268314539754918	71.8888888888889
P08631	HCK	1.13783790286447	1	2.13783790286447	1.91721462968355	2.93052852215218	2.93484524485945	0.202188745515652	25.1111111111111
Q04912	Ron	0.680527592019777	1	1.68052759201978	1.68613277963085	3.12430056246741	3.08345495392196	0.155051613966645	6.77777777777778
P42679	CTK	0.755986195774488	1	1.75598619577449	1.66958622665081	2.88812149584273	2.79274627097313	0.220744550282325	29
P43403	ZAP70	0.705247652811682	1	1.70524765281168	1.66554624884907	2.74097304410154	2.75161599443667	0.0423954531347964	60.1111111111111
Q08345	DDR1	0.560529789450625	1	1.56052978945062	1.55595520408192	3.16064697533598	3.16064697533598	0	3
P42685	FRK	0.521023367127656	1	1.52102336712766	1.51427857351842	2.71493149491914	2.72544893275581	0.0493390945321954	51.2222222222222
P29317	EphA2	0.453649116493078	1	1.45364911649308	1.45469288353418	2.83640242434543	2.85876085509748	0.0700509983613587	5.88888888888889
P21709	EphA1	0.406873369942006	1	1.40687336994201	1.42250820016277	2.82237409437545	2.85775481336782	0.0555258991547448	4.6
P29376	LTK	0.421730688946957	1	1.42173068894696	1.42250820016277	2.64111402065907	2.73756816555246	0.455819692129429	16.4444444444444
P42684	Arg	0.451141625953619	1	1.45114162595362	1.42250820016277	2.69481108934011	2.67971857600345	0.131254662949884	45.1111111111111
P06213	InSR	0.337918694581755	1	1.33791869458175	1.4145392704915	2.63339884763272	2.70657866597903	0.101635229455825	22.8888888888889
P07333	FmS/CSFR	0.447649940075776	1	1.44764994007578	1.39469495385889	2.82355072363344	2.73445475081639	0.138435449743822	7.33333333333333
P21860	HER3	0.37229629939373	1	1.37229629939373	1.39147396642281	2.64763647889693	2.66805531899832	0.0788012996210155	42.1111111111111
P54756	EphA5	0.374825196973959	1	1.37482519697396	1.37830484762933	2.78754218990253	2.76814361758437	0.0387971446363116	3.25
P42680	TEC	0.396265736903369	1	1.39626573690337	1.36451625318509	2.67674235725533	2.68730867140758	0.0703418677457039	34.1111111111111
P09769	Fgr	0.34283097645545	1	1.34283097645545	1.34678748622466	2.66746546857227	2.72713684360934	0.109057378897634	8.88888888888889
P04629	TRKA	0.293489273553261	1	1.29348927355326	1.34198860334289	2.56451217464409	2.66257057717098	0.178636140859532	12.5555555555556
P09619	PDGFR[beta]	0.321769440386263	1	1.32176944038626	1.34198860334289	2.61418479123102	2.64574731512527	0.222749594720425	11.1111111111111
Q9UM73	ALK	0.313705089342424	1	1.31370508934242	1.33629907461035	2.62586587981248	2.64290730254157	0.091559569780585	41.8888888888889
Q9H3Y6	Srm	0.326188053076753	1	1.32618805307675	1.33348201944512	2.63200447476357	2.64701408696685	0.0348004093924448	41.3333333333333
P16234	PDGFR[alpha]	0.306919151593909	1	1.30691915159391	1.30189945437661	2.61190369321748	2.61190369321748	0	5
O60674	JAK2	0.303939913238375	1	1.30393991323838	1.29756946355447	2.61909269019133	2.59912324056604	0.0718033431825575	17.5555555555556
H0Y8A4	RYK	0.268697526164083	1	1.26869752616408	1.28316227670048	2.55049407876242	2.58827930097396	0.143670482046264	7.11111111111111
Q16288	TRKC	0.227059835552655	1	1.22705983555265	1.26042765554991	2.50011661712488	2.55075717674569	0.202448017772472	16.2222222222222
P14616	IRR	0.203267991827496	1	1.2032679918275	1.23920215844492	2.27688961793649	2.47559014944103	0.397401063009076	4.5
Q16620	TRKB	0.295651379352662	1	1.29565137935266	1.21896306137887	2.57817829504007	2.52076131226945	0.21707983364519	18.8888888888889
P29320	EphA3	0.197245662517957	1	1.19724566251796	1.19724566251796	2.3167897275185	2.3167897275185	0	4
Q13882	Brk	0.189048011287052	1	1.18904801128705	1.18309616062434	2.56103771412817	2.55400383291707	0.0476776404888733	60
P54764	EphA4	0.216687849802802	1	1.2166878498028	1.1765257708297	2.38473116905493	2.28449372599783	0.3010104844544	3.88888888888889
P51813	Etk/BMX	0.17945954230379	1	1.17945954230379	1.17522353752445	2.48873295118788	2.4616445338591	0.105158615142522	28
P07949	Ret	0.162365697917505	1	1.1623656979175	1.17198493577602	2.42121117268178	2.43411933942031	0.0993713600512024	16.5555555555556
P07332	Fes	0.175681257581963	1	1.17568125758196	1.15614457737684	2.42421102427908	2.39664892053321	0.100390454766038	11.3333333333333
P08069	IGF1R	0.132216404249084	1	1.13221640424908	1.14086170270547	2.3618626037818	2.35000387581047	0.107570159996282	15.3333333333333
P29322	EphA8	0.127084229049579	1	1.12708422904958	1.13771298130236	2.01649402710132	2.12206473940734	0.303043443240499	4.25
Q05397	FAK1	0.157201675281747	1	1.15720167528175	1.12784372725171	2.50236974701304	2.5267735770616	0.097352638324653	42.2222222222222
Q06187	BTK	0.109298771060537	1	1.10929877106054	1.1232050237993	2.34761316256817	2.30482536696195	0.0822106823215859	18.8888888888889
Q12866	Mer	0.121949061703358	1	1.12194906170336	1.11861534322943	2.4854227700482	2.47963399323691	0.0525545817225017	46.5555555555556
P35968	KDR	0.10922716722576	1	1.10922716722576	1.10623823794206	2.33182902617359	2.34022036425186	0.0594789247837931	15.4444444444444
P23458	JAK1~b	0.0918666296790637	1	1.09186662967906	1.10128035738639	1.93996171811618	2.06103143511451	0.242139433996659	4.5
Q06418	Tyro3/Sky	0.0937002976556272	1	1.09370029765563	1.1001794975729	2.43994765882115	2.41739610944485	0.0687414707409478	43.5555555555556
P54753	EphB3	0.0846001647877302	1	1.08460016478773	1.08460016478773	1.77475046401018	1.77475046401018	NA	3
P41240	CSK	0.0832821162081085	1	1.08328211620811	1.08249449044745	2.38942163203144	2.3969487061441	0.111273264151889	38
P54762	EphB1	0.0796440366440404	1	1.07964403664404	1.07964403664404	1.77475046401018	1.77475046401018	0	3
P30530	Axl	0.12499628840957	1	1.12499628840957	1.07675598136972	2.48953309564483	2.4636263839699	0.104778452340551	57.7777777777778
Q08881	ITK	0.0698400578900047	1	1.06984005789	1.06600683616876	2.34293621453282	2.33471266799147	0.0656845679489897	30.6666666666667
P00533	EGFR	0.0671301775099802	1	1.06713017750998	1.06348625752111	2.39812998825841	2.4152756887105	0.0538780889194219	40.8888888888889
P10721	Kit	0.0694541953375686	1	1.06945419533757	1.04866248120408	2.09829444788702	2.07341133110606	0.272771823157636	14
Q15303	HER4	0.0491536569946869	1	1.04915365699469	1.04479346245806	2.22258993473741	2.20288057252455	0.130307120281905	24.8888888888889
Q13308	CCK4/PTK7	0.0424366820810252	1	1.04243668208103	1.04433888178858	1.50855414592348	1.66942824162187	0.321748191396793	3.75
P21802	FGFR2	0.0574275907862304	0.933104445408004	0.990532036194235	1.0433514207948	1.86049291105533	1.90409547668306	0.405764198335756	8.88888888888889
P42681	TXK	0.0453297846621264	1	1.04532978466213	1.04287180232319	2.25795609780594	2.26559872397281	0.103605027549482	28.4444444444444
P35916	FLT4	0.0494055231001699	1	1.04940552310017	1.040481623027	2.03277116009781	2.0444658848806	0.141911063549849	11.7777777777778
P22607	FGFR3	0.0490362689693481	0.899656668112006	0.948692937081354	1.0395292224657	1.77493729620393	1.8845550779681	0.343048257818213	7.44444444444444
Q6ZMQ8	Lmr1	0.0365373035256059	1	1.03653730352561	1.03763066432998	1.40608792129362	1.40608792129362	0	3
P04626	HER2	0.0496775960339566	1	1.04967759603396	1.02548830726267	2.25977585627735	2.21592450775493	0.0865321863743151	29
P11362	FGFR1	0.0179434941658309	1	1.01794349416583	1.02227639471115	1.79466463936109	2.10081690051744	0.429781335725085	15.6666666666667
Q14289	FAK2	0.0268094613694382	1	1.02680946136944	1.02181948306259	2.23450098012245	2.25819739979077	0.0581463816934562	33.1111111111111
P16591	Fer	0.0258199841542178	1	1.02581998415422	1.01863449092146	1.92326935689445	1.96520674593187	0.132684261576235	12.8888888888889
P22455	FGFR4	0.0257209071173421	1	1.02572090711734	1.01547268665621	1.93237361619263	1.89473999896916	0.31199881620327	18
P08581	Met	0.0255755314949875	1	1.02557553149499	1.01055018233331	2.18290461160981	2.17098558741982	0.0597650874003575	30.3333333333333
P36888	FLT3	0.0081414914157965	0.956995714905146	0.965137206320942	1.00700490156866	1.58156184939423	1.57071585413041	0.373140200600532	12.8571428571429
P17948	FLT1	0.000144837258005897	1	1.00014483725801	1	1.39965044254905	1.42835525670712	0.165992324395638	15.6666666666667
